Congratulations! After 28 generations, you found 7 sets of successful patterns for this 16-queen problem! 
They are: 
7 11 15 6 1 16 12 8 2 4 10 3 14 9 5 13 
8 5 12 9 3 16 11 2 15 6 1 14 4 7 10 13 
8 10 13 4 9 11 3 5 2 16 12 6 15 1 7 14 
8 10 13 4 9 11 3 5 2 16 12 7 15 1 14 6 
8 10 13 4 9 15 3 5 2 12 14 6 11 1 16 7 
13 5 3 9 12 16 11 2 15 6 10 7 14 1 8 4 
16 5 12 9 3 8 11 2 15 6 1 13 10 14 7 4 


i.e. 
Pattern 1: 
| | | | | | |Q| | | | | | | | | |
| | | | | | | | | | |Q| | | | | |
| | | | | | | | | | | | | | |Q| |
| | | | | |Q| | | | | | | | | | |
|Q| | | | | | | | | | | | | | | |
| | | | | | | | | | | | | | | |Q|
| | | | | | | | | | | |Q| | | | |
| | | | | | | |Q| | | | | | | | |
| |Q| | | | | | | | | | | | | | |
| | | |Q| | | | | | | | | | | | |
| | | | | | | | | |Q| | | | | | |
| | |Q| | | | | | | | | | | | | |
| | | | | | | | | | | | | |Q| | |
| | | | | | | | |Q| | | | | | | |
| | | | |Q| | | | | | | | | | | |
| | | | | | | | | | | | |Q| | | |

Pattern 2: 
| | | | | | | |Q| | | | | | | | |
| | | | |Q| | | | | | | | | | | |
| | | | | | | | | | | |Q| | | | |
| | | | | | | | |Q| | | | | | | |
| | |Q| | | | | | | | | | | | | |
| | | | | | | | | | | | | | | |Q|
| | | | | | | | | | |Q| | | | | |
| |Q| | | | | | | | | | | | | | |
| | | | | | | | | | | | | | |Q| |
| | | | | |Q| | | | | | | | | | |
|Q| | | | | | | | | | | | | | | |
| | | | | | | | | | | | | |Q| | |
| | | |Q| | | | | | | | | | | | |
| | | | | | |Q| | | | | | | | | |
| | | | | | | | | |Q| | | | | | |
| | | | | | | | | | | | |Q| | | |

Pattern 3: 
| | | | | | | |Q| | | | | | | | |
| | | | | | | | | |Q| | | | | | |
| | | | | | | | | | | | |Q| | | |
| | | |Q| | | | | | | | | | | | |
| | | | | | | | |Q| | | | | | | |
| | | | | | | | | | |Q| | | | | |
| | |Q| | | | | | | | | | | | | |
| | | | |Q| | | | | | | | | | | |
| |Q| | | | | | | | | | | | | | |
| | | | | | | | | | | | | | | |Q|
| | | | | | | | | | | |Q| | | | |
| | | | | |Q| | | | | | | | | | |
| | | | | | | | | | | | | | |Q| |
|Q| | | | | | | | | | | | | | | |
| | | | | | |Q| | | | | | | | | |
| | | | | | | | | | | | | |Q| | |

Pattern 4: 
| | | | | | | |Q| | | | | | | | |
| | | | | | | | | |Q| | | | | | |
| | | | | | | | | | | | |Q| | | |
| | | |Q| | | | | | | | | | | | |
| | | | | | | | |Q| | | | | | | |
| | | | | | | | | | |Q| | | | | |
| | |Q| | | | | | | | | | | | | |
| | | | |Q| | | | | | | | | | | |
| |Q| | | | | | | | | | | | | | |
| | | | | | | | | | | | | | | |Q|
| | | | | | | | | | | |Q| | | | |
| | | | | | |Q| | | | | | | | | |
| | | | | | | | | | | | | | |Q| |
|Q| | | | | | | | | | | | | | | |
| | | | | | | | | | | | | |Q| | |
| | | | | |Q| | | | | | | | | | |

Pattern 5: 
| | | | | | | |Q| | | | | | | | |
| | | | | | | | | |Q| | | | | | |
| | | | | | | | | | | | |Q| | | |
| | | |Q| | | | | | | | | | | | |
| | | | | | | | |Q| | | | | | | |
| | | | | | | | | | | | | | |Q| |
| | |Q| | | | | | | | | | | | | |
| | | | |Q| | | | | | | | | | | |
| |Q| | | | | | | | | | | | | | |
| | | | | | | | | | | |Q| | | | |
| | | | | | | | | | | | | |Q| | |
| | | | | |Q| | | | | | | | | | |
| | | | | | | | | | |Q| | | | | |
|Q| | | | | | | | | | | | | | | |
| | | | | | | | | | | | | | | |Q|
| | | | | | |Q| | | | | | | | | |

Pattern 6: 
| | | | | | | | | | | | |Q| | | |
| | | | |Q| | | | | | | | | | | |
| | |Q| | | | | | | | | | | | | |
| | | | | | | | |Q| | | | | | | |
| | | | | | | | | | | |Q| | | | |
| | | | | | | | | | | | | | | |Q|
| | | | | | | | | | |Q| | | | | |
| |Q| | | | | | | | | | | | | | |
| | | | | | | | | | | | | | |Q| |
| | | | | |Q| | | | | | | | | | |
| | | | | | | | | |Q| | | | | | |
| | | | | | |Q| | | | | | | | | |
| | | | | | | | | | | | | |Q| | |
|Q| | | | | | | | | | | | | | | |
| | | | | | | |Q| | | | | | | | |
| | | |Q| | | | | | | | | | | | |

Pattern 7: 
| | | | | | | | | | | | | | | |Q|
| | | | |Q| | | | | | | | | | | |
| | | | | | | | | | | |Q| | | | |
| | | | | | | | |Q| | | | | | | |
| | |Q| | | | | | | | | | | | | |
| | | | | | | |Q| | | | | | | | |
| | | | | | | | | | |Q| | | | | |
| |Q| | | | | | | | | | | | | | |
| | | | | | | | | | | | | | |Q| |
| | | | | |Q| | | | | | | | | | |
|Q| | | | | | | | | | | | | | | |
| | | | | | | | | | | | |Q| | | |
| | | | | | | | | |Q| | | | | | |
| | | | | | | | | | | | | |Q| | |
| | | | | | |Q| | | | | | | | | |
| | | |Q| | | | | | | | | | | | |



The entire population of the final generation are good boys and good girls! They are: 
8 5 12 9 3 16 11 2 15 6 1 14 4 7 10 13 
7 11 15 6 1 16 12 8 2 4 10 3 14 9 5 13 
8 5 12 9 3 16 11 2 15 6 1 14 4 7 10 13 
8 10 13 4 9 11 3 5 2 16 12 6 15 1 7 14 
7 11 15 6 1 16 12 8 2 4 10 3 14 9 5 13 
8 10 13 4 9 11 3 5 2 16 12 6 15 1 7 14 
8 5 12 9 3 16 11 2 15 6 1 14 4 7 10 13 
8 10 13 4 9 11 3 5 2 16 12 6 15 1 7 14 
8 10 13 4 9 11 3 5 2 16 12 6 15 1 7 14 
8 5 12 9 3 16 11 2 15 6 1 14 4 7 10 13 
8 10 13 4 9 11 3 5 2 16 12 6 15 1 7 14 
8 5 12 9 3 16 11 2 15 6 1 14 4 7 10 13 
8 10 13 4 9 11 3 5 2 16 12 6 15 1 7 14 
8 5 12 9 3 16 11 2 15 6 1 14 4 7 10 13 
8 5 12 9 3 16 11 2 15 6 1 14 4 7 10 13 
8 10 13 4 9 15 3 5 2 12 14 6 11 1 16 7 
8 5 12 9 3 16 11 2 15 6 1 14 4 7 10 13 
8 10 13 4 9 11 3 5 2 16 12 6 15 1 7 14 
8 5 12 9 3 16 11 2 15 6 1 14 4 7 10 13 
8 5 12 9 3 16 11 2 15 6 1 14 4 7 10 13 
8 10 13 4 9 11 3 5 2 16 12 6 15 1 7 14 
8 10 13 4 9 11 3 5 2 16 12 6 15 1 7 14 
7 11 15 6 1 16 12 8 2 4 10 3 14 9 5 13 
8 10 13 4 9 11 3 5 2 16 12 6 15 1 7 14 
8 5 12 9 3 16 11 2 15 6 1 14 4 7 10 13 
8 10 13 4 9 11 3 5 2 16 12 6 15 1 7 14 
8 10 13 4 9 11 3 5 2 16 12 6 15 1 7 14 
8 5 12 9 3 16 11 2 15 6 1 14 4 7 10 13 
8 10 13 4 9 11 3 5 2 16 12 6 15 1 7 14 
8 10 13 4 9 11 3 5 2 16 12 6 15 1 7 14 
8 5 12 9 3 16 11 2 15 6 1 14 4 7 10 13 
8 5 12 9 3 16 11 2 15 6 1 14 4 7 10 13 
8 5 12 9 3 16 11 2 15 6 1 14 4 7 10 13 
7 11 15 6 1 16 12 8 2 4 10 3 14 9 5 13 
8 10 13 4 9 11 3 5 2 16 12 6 15 1 7 14 
8 10 13 4 9 11 3 5 2 16 12 6 15 1 7 14 
8 5 12 9 3 16 11 2 15 6 1 14 4 7 10 13 
8 10 13 4 9 11 3 5 2 16 12 6 15 1 7 14 
8 10 13 4 9 11 3 5 2 16 12 6 15 1 7 14 
8 5 12 9 3 16 11 2 15 6 1 14 4 7 10 13 
8 5 12 9 3 16 11 2 15 6 1 14 4 7 10 13 
8 10 13 4 9 11 3 5 2 16 12 6 15 1 7 14 
8 5 12 9 3 16 11 2 15 6 1 14 4 7 10 13 
8 10 13 4 9 11 3 5 2 16 12 6 15 1 7 14 
8 5 12 9 3 16 11 2 15 6 1 14 4 7 10 13 
8 5 12 9 3 16 11 2 15 6 1 14 4 7 10 13 
8 10 13 4 9 11 3 5 2 16 12 6 15 1 7 14 
8 10 13 4 9 11 3 5 2 16 12 6 15 1 7 14 
8 10 13 4 9 11 3 5 2 16 12 6 15 1 7 14 
7 11 15 6 1 16 12 8 2 4 10 3 14 9 5 13 
8 5 12 9 3 16 11 2 15 6 1 14 4 7 10 13 
8 10 13 4 9 11 3 5 2 16 12 6 15 1 7 14 
8 5 12 9 3 16 11 2 15 6 1 14 4 7 10 13 
8 5 12 9 3 16 11 2 15 6 1 14 4 7 10 13 
8 10 13 4 9 11 3 5 2 16 12 6 15 1 7 14 
8 5 12 9 3 16 11 2 15 6 1 14 4 7 10 13 
8 10 13 4 9 11 3 5 2 16 12 6 15 1 7 14 
8 5 12 9 3 16 11 2 15 6 1 14 4 7 10 13 
8 10 13 4 9 15 3 5 2 12 14 6 11 1 16 7 
8 5 12 9 3 16 11 2 15 6 1 14 4 7 10 13 
8 5 12 9 3 16 11 2 15 6 1 14 4 7 10 13 
8 5 12 9 3 16 11 2 15 6 1 14 4 7 10 13 
8 5 12 9 3 16 11 2 15 6 1 14 4 7 10 13 
8 5 12 9 3 16 11 2 15 6 1 14 4 7 10 13 
8 5 12 9 3 16 11 2 15 6 1 14 4 7 10 13 
8 10 13 4 9 11 3 5 2 16 12 6 15 1 7 14 
8 5 12 9 3 16 11 2 15 6 1 14 4 7 10 13 
8 5 12 9 3 16 11 2 15 6 1 14 4 7 10 13 
8 10 13 4 9 11 3 5 2 16 12 6 15 1 7 14 
8 5 12 9 3 16 11 2 15 6 1 14 4 7 10 13 
8 10 13 4 9 11 3 5 2 16 12 6 15 1 7 14 
8 10 13 4 9 11 3 5 2 16 12 6 15 1 7 14 
8 10 13 4 9 11 3 5 2 16 12 6 15 1 7 14 
8 5 12 9 3 16 11 2 15 6 1 14 4 7 10 13 
8 10 13 4 9 11 3 5 2 16 12 6 15 1 7 14 
8 5 12 9 3 16 11 2 15 6 1 14 4 7 10 13 
8 10 13 4 9 11 3 5 2 16 12 6 15 1 7 14 
8 10 13 4 9 11 3 5 2 16 12 6 15 1 7 14 
8 5 12 9 3 16 11 2 15 6 1 14 4 7 10 13 
8 10 13 4 9 11 3 5 2 16 12 6 15 1 7 14 
8 10 13 4 9 11 3 5 2 16 12 6 15 1 7 14 
8 5 12 9 3 16 11 2 15 6 1 14 4 7 10 13 
8 10 13 4 9 11 3 5 2 16 12 6 15 1 7 14 
8 10 13 4 9 11 3 5 2 16 12 6 15 1 7 14 
8 10 13 4 9 11 3 5 2 16 12 6 15 1 7 14 
8 10 13 4 9 11 3 5 2 16 12 6 15 1 7 14 
8 10 13 4 9 11 3 5 2 16 12 6 15 1 7 14 
7 11 15 6 1 16 12 8 2 4 10 3 14 9 5 13 
8 5 12 9 3 16 11 2 15 6 1 14 4 7 10 13 
8 5 12 9 3 16 11 2 15 6 1 14 4 7 10 13 
8 10 13 4 9 11 3 5 2 16 12 6 15 1 7 14 
8 10 13 4 9 11 3 5 2 16 12 6 15 1 7 14 
7 11 15 6 1 16 12 8 2 4 10 3 14 9 5 13 
13 5 3 9 12 16 11 2 15 6 10 7 14 1 8 4 
8 10 13 4 9 11 3 5 2 16 12 6 15 1 7 14 
8 5 12 9 3 16 11 2 15 6 1 14 4 7 10 13 
8 5 12 9 3 16 11 2 15 6 1 14 4 7 10 13 
8 5 12 9 3 16 11 2 15 6 1 14 4 7 10 13 
8 5 12 9 3 16 11 2 15 6 1 14 4 7 10 13 
8 10 13 4 9 11 3 5 2 16 12 6 15 1 7 14 
8 10 13 4 9 11 3 5 2 16 12 6 15 1 7 14 
8 10 13 4 9 11 3 5 2 16 12 6 15 1 7 14 
8 5 12 9 3 16 11 2 15 6 1 14 4 7 10 13 
8 10 13 4 9 11 3 5 2 16 12 6 15 1 7 14 
8 10 13 4 9 11 3 5 2 16 12 6 15 1 7 14 
8 10 13 4 9 11 3 5 2 16 12 6 15 1 7 14 
8 5 12 9 3 16 11 2 15 6 1 14 4 7 10 13 
8 10 13 4 9 11 3 5 2 16 12 6 15 1 7 14 
8 5 12 9 3 16 11 2 15 6 1 14 4 7 10 13 
8 10 13 4 9 11 3 5 2 16 12 6 15 1 7 14 
7 11 15 6 1 16 12 8 2 4 10 3 14 9 5 13 
8 5 12 9 3 16 11 2 15 6 1 14 4 7 10 13 
8 5 12 9 3 16 11 2 15 6 1 14 4 7 10 13 
8 10 13 4 9 11 3 5 2 16 12 6 15 1 7 14 
8 10 13 4 9 11 3 5 2 16 12 6 15 1 7 14 
8 5 12 9 3 16 11 2 15 6 1 14 4 7 10 13 
8 5 12 9 3 16 11 2 15 6 1 14 4 7 10 13 
8 10 13 4 9 11 3 5 2 16 12 6 15 1 7 14 
8 10 13 4 9 11 3 5 2 16 12 6 15 1 7 14 
8 10 13 4 9 11 3 5 2 16 12 6 15 1 7 14 
8 5 12 9 3 16 11 2 15 6 1 14 4 7 10 13 
8 10 13 4 9 11 3 5 2 16 12 6 15 1 7 14 
8 5 12 9 3 16 11 2 15 6 1 14 4 7 10 13 
8 10 13 4 9 11 3 5 2 16 12 6 15 1 7 14 
8 5 12 9 3 16 11 2 15 6 1 14 4 7 10 13 
8 10 13 4 9 11 3 5 2 16 12 6 15 1 7 14 
8 5 12 9 3 16 11 2 15 6 1 14 4 7 10 13 
8 10 13 4 9 11 3 5 2 16 12 6 15 1 7 14 
8 5 12 9 3 16 11 2 15 6 1 14 4 7 10 13 
8 5 12 9 3 16 11 2 15 6 1 14 4 7 10 13 
7 11 15 6 1 16 12 8 2 4 10 3 14 9 5 13 
8 5 12 9 3 16 11 2 15 6 1 14 4 7 10 13 
8 10 13 4 9 11 3 5 2 16 12 6 15 1 7 14 
8 5 12 9 3 16 11 2 15 6 1 14 4 7 10 13 
8 10 13 4 9 11 3 5 2 16 12 6 15 1 7 14 
8 5 12 9 3 16 11 2 15 6 1 14 4 7 10 13 
8 10 13 4 9 11 3 5 2 16 12 6 15 1 7 14 
8 10 13 4 9 11 3 5 2 16 12 6 15 1 7 14 
8 5 12 9 3 16 11 2 15 6 1 14 4 7 10 13 
8 5 12 9 3 16 11 2 15 6 1 14 4 7 10 13 
8 5 12 9 3 16 11 2 15 6 1 14 4 7 10 13 
8 10 13 4 9 11 3 5 2 16 12 6 15 1 7 14 
8 5 12 9 3 16 11 2 15 6 1 14 4 7 10 13 
8 5 12 9 3 16 11 2 15 6 1 14 4 7 10 13 
8 5 12 9 3 16 11 2 15 6 1 14 4 7 10 13 
8 5 12 9 3 16 11 2 15 6 1 14 4 7 10 13 
8 10 13 4 9 11 3 5 2 16 12 6 15 1 7 14 
8 10 13 4 9 11 3 5 2 16 12 6 15 1 7 14 
8 5 12 9 3 16 11 2 15 6 1 14 4 7 10 13 
8 10 13 4 9 11 3 5 2 16 12 6 15 1 7 14 
8 10 13 4 9 11 3 5 2 16 12 6 15 1 7 14 
7 11 15 6 1 16 12 8 2 4 10 3 14 9 5 13 
7 11 15 6 1 16 12 8 2 4 10 3 14 9 5 13 
8 5 12 9 3 16 11 2 15 6 1 14 4 7 10 13 
8 10 13 4 9 11 3 5 2 16 12 6 15 1 7 14 
7 11 15 6 1 16 12 8 2 4 10 3 14 9 5 13 
8 10 13 4 9 11 3 5 2 16 12 6 15 1 7 14 
8 5 12 9 3 16 11 2 15 6 1 14 4 7 10 13 
8 5 12 9 3 16 11 2 15 6 1 14 4 7 10 13 
8 10 13 4 9 11 3 5 2 16 12 6 15 1 7 14 
8 5 12 9 3 16 11 2 15 6 1 14 4 7 10 13 
8 10 13 4 9 11 3 5 2 16 12 6 15 1 7 14 
8 10 13 4 9 11 3 5 2 16 12 6 15 1 7 14 
8 5 12 9 3 16 11 2 15 6 1 14 4 7 10 13 
8 5 12 9 3 16 11 2 15 6 1 14 4 7 10 13 
8 5 12 9 3 16 11 2 15 6 1 14 4 7 10 13 
8 5 12 9 3 16 11 2 15 6 1 14 4 7 10 13 
8 10 13 4 9 11 3 5 2 16 12 6 15 1 7 14 
8 10 13 4 9 11 3 5 2 16 12 6 15 1 7 14 
16 5 12 9 3 8 11 2 15 6 1 13 10 14 7 4 
8 5 12 9 3 16 11 2 15 6 1 14 4 7 10 13 
8 5 12 9 3 16 11 2 15 6 1 14 4 7 10 13 
8 5 12 9 3 16 11 2 15 6 1 14 4 7 10 13 
8 10 13 4 9 11 3 5 2 16 12 6 15 1 7 14 
8 5 12 9 3 16 11 2 15 6 1 14 4 7 10 13 
8 5 12 9 3 16 11 2 15 6 1 14 4 7 10 13 
8 10 13 4 9 11 3 5 2 16 12 6 15 1 7 14 
8 10 13 4 9 11 3 5 2 16 12 6 15 1 7 14 
8 10 13 4 9 11 3 5 2 16 12 6 15 1 7 14 
8 10 13 4 9 11 3 5 2 16 12 6 15 1 7 14 
8 5 12 9 3 16 11 2 15 6 1 14 4 7 10 13 
8 10 13 4 9 11 3 5 2 16 12 6 15 1 7 14 
8 10 13 4 9 11 3 5 2 16 12 6 15 1 7 14 
8 10 13 4 9 11 3 5 2 16 12 6 15 1 7 14 
8 5 12 9 3 16 11 2 15 6 1 14 4 7 10 13 
8 10 13 4 9 11 3 5 2 16 12 6 15 1 7 14 
8 5 12 9 3 16 11 2 15 6 1 14 4 7 10 13 
13 5 3 9 12 16 11 2 15 6 10 7 14 1 8 4 
8 5 12 9 3 16 11 2 15 6 1 14 4 7 10 13 
8 10 13 4 9 11 3 5 2 16 12 6 15 1 7 14 
8 10 13 4 9 11 3 5 2 16 12 6 15 1 7 14 
8 5 12 9 3 16 11 2 15 6 1 14 4 7 10 13 
8 10 13 4 9 11 3 5 2 16 12 6 15 1 7 14 
8 10 13 4 9 11 3 5 2 16 12 6 15 1 7 14 
8 10 13 4 9 11 3 5 2 16 12 6 15 1 7 14 
8 10 13 4 9 11 3 5 2 16 12 6 15 1 7 14 
8 5 12 9 3 16 11 2 15 6 1 14 4 7 10 13 
8 5 12 9 3 16 11 2 15 6 1 14 4 7 10 13 
8 10 13 4 9 11 3 5 2 16 12 6 15 1 7 14 
8 5 12 9 3 16 11 2 15 6 1 14 4 7 10 13 
8 5 12 9 3 16 11 2 15 6 1 14 4 7 10 13 
8 10 13 4 9 11 3 5 2 16 12 6 15 1 7 14 
8 5 12 9 3 16 11 2 15 6 1 14 4 7 10 13 
8 10 13 4 9 11 3 5 2 16 12 6 15 1 7 14 
8 5 12 9 3 16 11 2 15 6 1 14 4 7 10 13 
8 10 13 4 9 11 3 5 2 16 12 6 15 1 7 14 
8 5 12 9 3 16 11 2 15 6 1 14 4 7 10 13 
8 5 12 9 3 16 11 2 15 6 1 14 4 7 10 13 
8 10 13 4 9 11 3 5 2 16 12 6 15 1 7 14 
7 11 15 6 1 16 12 8 2 4 10 3 14 9 5 13 
8 5 12 9 3 16 11 2 15 6 1 14 4 7 10 13 
8 5 12 9 3 16 11 2 15 6 1 14 4 7 10 13 
8 5 12 9 3 16 11 2 15 6 1 14 4 7 10 13 
8 5 12 9 3 16 11 2 15 6 1 14 4 7 10 13 
8 5 12 9 3 16 11 2 15 6 1 14 4 7 10 13 
8 5 12 9 3 16 11 2 15 6 1 14 4 7 10 13 
8 10 13 4 9 11 3 5 2 16 12 6 15 1 7 14 
8 5 12 9 3 16 11 2 15 6 1 14 4 7 10 13 
8 5 12 9 3 16 11 2 15 6 1 14 4 7 10 13 
8 5 12 9 3 16 11 2 15 6 1 14 4 7 10 13 
8 10 13 4 9 11 3 5 2 16 12 6 15 1 7 14 
8 5 12 9 3 16 11 2 15 6 1 14 4 7 10 13 
8 10 13 4 9 11 3 5 2 16 12 6 15 1 7 14 
8 10 13 4 9 11 3 5 2 16 12 6 15 1 7 14 
8 10 13 4 9 11 3 5 2 16 12 6 15 1 7 14 
8 10 13 4 9 11 3 5 2 16 12 6 15 1 7 14 
8 10 13 4 9 15 3 5 2 12 14 6 11 1 16 7 
8 5 12 9 3 16 11 2 15 6 1 14 4 7 10 13 
8 5 12 9 3 16 11 2 15 6 1 14 4 7 10 13 
8 10 13 4 9 11 3 5 2 16 12 6 15 1 7 14 
8 10 13 4 9 11 3 5 2 16 12 6 15 1 7 14 
8 10 13 4 9 11 3 5 2 16 12 6 15 1 7 14 
8 5 12 9 3 16 11 2 15 6 1 14 4 7 10 13 
8 10 13 4 9 11 3 5 2 16 12 6 15 1 7 14 
8 5 12 9 3 16 11 2 15 6 1 14 4 7 10 13 
8 10 13 4 9 11 3 5 2 16 12 6 15 1 7 14 
8 10 13 4 9 11 3 5 2 16 12 6 15 1 7 14 
8 10 13 4 9 11 3 5 2 16 12 6 15 1 7 14 
8 10 13 4 9 11 3 5 2 16 12 6 15 1 7 14 
8 5 12 9 3 16 11 2 15 6 1 14 4 7 10 13 
8 5 12 9 3 16 11 2 15 6 1 14 4 7 10 13 
8 10 13 4 9 11 3 5 2 16 12 6 15 1 7 14 
8 5 12 9 3 16 11 2 15 6 1 14 4 7 10 13 
8 5 12 9 3 16 11 2 15 6 1 14 4 7 10 13 
8 5 12 9 3 16 11 2 15 6 1 14 4 7 10 13 
8 10 13 4 9 11 3 5 2 16 12 6 15 1 7 14 
8 5 12 9 3 16 11 2 15 6 1 14 4 7 10 13 
8 10 13 4 9 11 3 5 2 16 12 6 15 1 7 14 
8 5 12 9 3 16 11 2 15 6 1 14 4 7 10 13 
8 10 13 4 9 11 3 5 2 16 12 6 15 1 7 14 
8 10 13 4 9 11 3 5 2 16 12 6 15 1 7 14 
8 10 13 4 9 11 3 5 2 16 12 6 15 1 7 14 
8 10 13 4 9 11 3 5 2 16 12 6 15 1 7 14 
8 10 13 4 9 11 3 5 2 16 12 6 15 1 7 14 
8 10 13 4 9 11 3 5 2 16 12 6 15 1 7 14 
8 5 12 9 3 16 11 2 15 6 1 14 4 7 10 13 
8 10 13 4 9 11 3 5 2 16 12 6 15 1 7 14 
8 10 13 4 9 11 3 5 2 16 12 6 15 1 7 14 
8 5 12 9 3 16 11 2 15 6 1 14 4 7 10 13 
8 10 13 4 9 11 3 5 2 16 12 6 15 1 7 14 
8 5 12 9 3 16 11 2 15 6 1 14 4 7 10 13 
8 5 12 9 3 16 11 2 15 6 1 14 4 7 10 13 
8 5 12 9 3 16 11 2 15 6 1 14 4 7 10 13 
8 5 12 9 3 16 11 2 15 6 1 14 4 7 10 13 
8 10 13 4 9 11 3 5 2 16 12 6 15 1 7 14 
8 10 13 4 9 11 3 5 2 16 12 6 15 1 7 14 
8 5 12 9 3 16 11 2 15 6 1 14 4 7 10 13 
8 10 13 4 9 11 3 5 2 16 12 6 15 1 7 14 
8 5 12 9 3 16 11 2 15 6 1 14 4 7 10 13 
8 10 13 4 9 11 3 5 2 16 12 6 15 1 7 14 
8 10 13 4 9 11 3 5 2 16 12 6 15 1 7 14 
8 10 13 4 9 11 3 5 2 16 12 6 15 1 7 14 
8 10 13 4 9 11 3 5 2 16 12 6 15 1 7 14 
8 10 13 4 9 11 3 5 2 16 12 6 15 1 7 14 
8 5 12 9 3 16 11 2 15 6 1 14 4 7 10 13 
8 10 13 4 9 11 3 5 2 16 12 6 15 1 7 14 
8 5 12 9 3 16 11 2 15 6 1 14 4 7 10 13 
8 5 12 9 3 16 11 2 15 6 1 14 4 7 10 13 
8 10 13 4 9 11 3 5 2 16 12 6 15 1 7 14 
8 5 12 9 3 16 11 2 15 6 1 14 4 7 10 13 
8 10 13 4 9 11 3 5 2 16 12 6 15 1 7 14 
8 5 12 9 3 16 11 2 15 6 1 14 4 7 10 13 
8 5 12 9 3 16 11 2 15 6 1 14 4 7 10 13 
8 5 12 9 3 16 11 2 15 6 1 14 4 7 10 13 
8 10 13 4 9 11 3 5 2 16 12 6 15 1 7 14 
8 10 13 4 9 11 3 5 2 16 12 6 15 1 7 14 
8 10 13 4 9 11 3 5 2 16 12 6 15 1 7 14 
8 5 12 9 3 16 11 2 15 6 1 14 4 7 10 13 
8 10 13 4 9 11 3 5 2 16 12 6 15 1 7 14 
8 5 12 9 3 16 11 2 15 6 1 14 4 7 10 13 
8 10 13 4 9 11 3 5 2 16 12 6 15 1 7 14 
8 5 12 9 3 16 11 2 15 6 1 14 4 7 10 13 
8 5 12 9 3 16 11 2 15 6 1 14 4 7 10 13 
8 10 13 4 9 11 3 5 2 16 12 6 15 1 7 14 
8 5 12 9 3 16 11 2 15 6 1 14 4 7 10 13 
8 10 13 4 9 11 3 5 2 16 12 6 15 1 7 14 
8 10 13 4 9 11 3 5 2 16 12 6 15 1 7 14 
8 5 12 9 3 16 11 2 15 6 1 14 4 7 10 13 
8 10 13 4 9 11 3 5 2 16 12 6 15 1 7 14 
8 5 12 9 3 16 11 2 15 6 1 14 4 7 10 13 
8 5 12 9 3 16 11 2 15 6 1 14 4 7 10 13 
8 5 12 9 3 16 11 2 15 6 1 14 4 7 10 13 
8 10 13 4 9 11 3 5 2 16 12 6 15 1 7 14 
8 10 13 4 9 11 3 5 2 16 12 6 15 1 7 14 
8 10 13 4 9 11 3 5 2 16 12 6 15 1 7 14 
8 10 13 4 9 11 3 5 2 16 12 6 15 1 7 14 
8 5 12 9 3 16 11 2 15 6 1 14 4 7 10 13 
8 10 13 4 9 11 3 5 2 16 12 6 15 1 7 14 
8 10 13 4 9 11 3 5 2 16 12 6 15 1 7 14 
8 10 13 4 9 11 3 5 2 16 12 6 15 1 7 14 
8 5 12 9 3 16 11 2 15 6 1 14 4 7 10 13 
8 10 13 4 9 11 3 5 2 16 12 6 15 1 7 14 
8 5 12 9 3 16 11 2 15 6 1 14 4 7 10 13 
8 10 13 4 9 11 3 5 2 16 12 6 15 1 7 14 
8 5 12 9 3 16 11 2 15 6 1 14 4 7 10 13 
8 10 13 4 9 11 3 5 2 16 12 6 15 1 7 14 
8 5 12 9 3 16 11 2 15 6 1 14 4 7 10 13 
8 10 13 4 9 11 3 5 2 16 12 6 15 1 7 14 
8 5 12 9 3 16 11 2 15 6 1 14 4 7 10 13 
8 5 12 9 3 16 11 2 15 6 1 14 4 7 10 13 
8 10 13 4 9 11 3 5 2 16 12 6 15 1 7 14 
8 5 12 9 3 16 11 2 15 6 1 14 4 7 10 13 
8 5 12 9 3 16 11 2 15 6 1 14 4 7 10 13 
8 5 12 9 3 16 11 2 15 6 1 14 4 7 10 13 
8 5 12 9 3 16 11 2 15 6 1 14 4 7 10 13 
8 5 12 9 3 16 11 2 15 6 1 14 4 7 10 13 
8 5 12 9 3 16 11 2 15 6 1 14 4 7 10 13 
8 10 13 4 9 11 3 5 2 16 12 6 15 1 7 14 
8 10 13 4 9 11 3 5 2 16 12 6 15 1 7 14 
8 10 13 4 9 11 3 5 2 16 12 6 15 1 7 14 
8 5 12 9 3 16 11 2 15 6 1 14 4 7 10 13 
8 5 12 9 3 16 11 2 15 6 1 14 4 7 10 13 
8 5 12 9 3 16 11 2 15 6 1 14 4 7 10 13 
8 5 12 9 3 16 11 2 15 6 1 14 4 7 10 13 
8 10 13 4 9 11 3 5 2 16 12 6 15 1 7 14 
8 10 13 4 9 11 3 5 2 16 12 6 15 1 7 14 
8 5 12 9 3 16 11 2 15 6 1 14 4 7 10 13 
7 11 15 6 1 16 12 8 2 4 10 3 14 9 5 13 
8 5 12 9 3 16 11 2 15 6 1 14 4 7 10 13 
8 10 13 4 9 11 3 5 2 16 12 6 15 1 7 14 
7 11 15 6 1 16 12 8 2 4 10 3 14 9 5 13 
8 10 13 4 9 11 3 5 2 16 12 6 15 1 7 14 
8 10 13 4 9 11 3 5 2 16 12 6 15 1 7 14 
8 10 13 4 9 11 3 5 2 16 12 6 15 1 7 14 
8 5 12 9 3 16 11 2 15 6 1 14 4 7 10 13 
8 10 13 4 9 11 3 5 2 16 12 6 15 1 7 14 
8 5 12 9 3 16 11 2 15 6 1 14 4 7 10 13 
8 10 13 4 9 11 3 5 2 16 12 6 15 1 7 14 
8 5 12 9 3 16 11 2 15 6 1 14 4 7 10 13 
8 5 12 9 3 16 11 2 15 6 1 14 4 7 10 13 
8 5 12 9 3 16 11 2 15 6 1 14 4 7 10 13 
8 10 13 4 9 11 3 5 2 16 12 6 15 1 7 14 
8 5 12 9 3 16 11 2 15 6 1 14 4 7 10 13 
8 5 12 9 3 16 11 2 15 6 1 14 4 7 10 13 
8 10 13 4 9 11 3 5 2 16 12 6 15 1 7 14 
8 5 12 9 3 16 11 2 15 6 1 14 4 7 10 13 
8 10 13 4 9 11 3 5 2 16 12 6 15 1 7 14 
8 10 13 4 9 11 3 5 2 16 12 6 15 1 7 14 
8 10 13 4 9 11 3 5 2 16 12 6 15 1 7 14 
8 10 13 4 9 11 3 5 2 16 12 6 15 1 7 14 
8 10 13 4 9 15 3 5 2 12 14 6 11 1 16 7 
8 10 13 4 9 11 3 5 2 16 12 6 15 1 7 14 
8 10 13 4 9 11 3 5 2 16 12 6 15 1 7 14 
8 5 12 9 3 16 11 2 15 6 1 14 4 7 10 13 
8 5 12 9 3 16 11 2 15 6 1 14 4 7 10 13 
8 5 12 9 3 16 11 2 15 6 1 14 4 7 10 13 
8 10 13 4 9 11 3 5 2 16 12 6 15 1 7 14 
8 10 13 4 9 11 3 5 2 16 12 6 15 1 7 14 
8 10 13 4 9 11 3 5 2 16 12 6 15 1 7 14 
8 5 12 9 3 16 11 2 15 6 1 14 4 7 10 13 
8 5 12 9 3 16 11 2 15 6 1 14 4 7 10 13 
8 5 12 9 3 16 11 2 15 6 1 14 4 7 10 13 
7 11 15 6 1 16 12 8 2 4 10 3 14 9 5 13 
8 10 13 4 9 11 3 5 2 16 12 6 15 1 7 14 
8 5 12 9 3 16 11 2 15 6 1 14 4 7 10 13 
8 10 13 4 9 11 3 5 2 16 12 6 15 1 7 14 
8 5 12 9 3 16 11 2 15 6 1 14 4 7 10 13 
8 5 12 9 3 16 11 2 15 6 1 14 4 7 10 13 
8 10 13 4 9 11 3 5 2 16 12 6 15 1 7 14 
8 10 13 4 9 11 3 5 2 16 12 6 15 1 7 14 
8 10 13 4 9 11 3 5 2 16 12 6 15 1 7 14 
8 10 13 4 9 11 3 5 2 16 12 6 15 1 7 14 
8 5 12 9 3 16 11 2 15 6 1 14 4 7 10 13 
8 5 12 9 3 16 11 2 15 6 1 14 4 7 10 13 
7 11 15 6 1 16 12 8 2 4 10 3 14 9 5 13 
8 10 13 4 9 11 3 5 2 16 12 6 15 1 7 14 
8 10 13 4 9 11 3 5 2 16 12 6 15 1 7 14 
8 5 12 9 3 16 11 2 15 6 1 14 4 7 10 13 
8 10 13 4 9 11 3 5 2 16 12 6 15 1 7 14 
8 10 13 4 9 11 3 5 2 16 12 6 15 1 7 14 
8 5 12 9 3 16 11 2 15 6 1 14 4 7 10 13 
8 5 12 9 3 16 11 2 15 6 1 14 4 7 10 13 
8 5 12 9 3 16 11 2 15 6 1 14 4 7 10 13 
8 10 13 4 9 11 3 5 2 16 12 6 15 1 7 14 
8 5 12 9 3 16 11 2 15 6 1 14 4 7 10 13 
8 10 13 4 9 11 3 5 2 16 12 6 15 1 7 14 
8 10 13 4 9 11 3 5 2 16 12 6 15 1 7 14 
8 5 12 9 3 16 11 2 15 6 1 14 4 7 10 13 
8 5 12 9 3 16 11 2 15 6 1 14 4 7 10 13 
8 10 13 4 9 11 3 5 2 16 12 6 15 1 7 14 
8 10 13 4 9 11 3 5 2 16 12 6 15 1 7 14 
8 10 13 4 9 11 3 5 2 16 12 6 15 1 7 14 
8 5 12 9 3 16 11 2 15 6 1 14 4 7 10 13 
8 10 13 4 9 11 3 5 2 16 12 6 15 1 7 14 
8 10 13 4 9 11 3 5 2 16 12 6 15 1 7 14 
8 5 12 9 3 16 11 2 15 6 1 14 4 7 10 13 
8 5 12 9 3 16 11 2 15 6 1 14 4 7 10 13 
8 10 13 4 9 11 3 5 2 16 12 6 15 1 7 14 
8 10 13 4 9 11 3 5 2 16 12 6 15 1 7 14 
8 10 13 4 9 11 3 5 2 16 12 6 15 1 7 14 
8 5 12 9 3 16 11 2 15 6 1 14 4 7 10 13 
8 5 12 9 3 16 11 2 15 6 1 14 4 7 10 13 
8 10 13 4 9 11 3 5 2 16 12 6 15 1 7 14 
8 10 13 4 9 11 3 5 2 16 12 6 15 1 7 14 
8 10 13 4 9 11 3 5 2 16 12 6 15 1 7 14 
8 5 12 9 3 16 11 2 15 6 1 14 4 7 10 13 
8 5 12 9 3 16 11 2 15 6 1 14 4 7 10 13 
8 5 12 9 3 16 11 2 15 6 1 14 4 7 10 13 
8 5 12 9 3 16 11 2 15 6 1 14 4 7 10 13 
8 5 12 9 3 16 11 2 15 6 1 14 4 7 10 13 
8 10 13 4 9 11 3 5 2 16 12 6 15 1 7 14 
8 5 12 9 3 16 11 2 15 6 1 14 4 7 10 13 
8 5 12 9 3 16 11 2 15 6 1 14 4 7 10 13 
8 10 13 4 9 11 3 5 2 16 12 6 15 1 7 14 
8 5 12 9 3 16 11 2 15 6 1 14 4 7 10 13 
8 5 12 9 3 16 11 2 15 6 1 14 4 7 10 13 
8 5 12 9 3 16 11 2 15 6 1 14 4 7 10 13 
8 10 13 4 9 11 3 5 2 16 12 6 15 1 7 14 
8 5 12 9 3 16 11 2 15 6 1 14 4 7 10 13 
8 5 12 9 3 16 11 2 15 6 1 14 4 7 10 13 
7 11 15 6 1 16 12 8 2 4 10 3 14 9 5 13 
8 5 12 9 3 16 11 2 15 6 1 14 4 7 10 13 
8 10 13 4 9 11 3 5 2 16 12 6 15 1 7 14 
8 10 13 4 9 11 3 5 2 16 12 6 15 1 7 14 
8 10 13 4 9 11 3 5 2 16 12 6 15 1 7 14 
8 10 13 4 9 11 3 5 2 16 12 6 15 1 7 14 
8 5 12 9 3 16 11 2 15 6 1 14 4 7 10 13 
8 10 13 4 9 11 3 5 2 16 12 6 15 1 7 14 
8 10 13 4 9 11 3 5 2 16 12 6 15 1 7 14 
8 5 12 9 3 16 11 2 15 6 1 14 4 7 10 13 
8 5 12 9 3 16 11 2 15 6 1 14 4 7 10 13 
8 10 13 4 9 11 3 5 2 16 12 6 15 1 7 14 
8 10 13 4 9 11 3 5 2 16 12 6 15 1 7 14 
8 10 13 4 9 11 3 5 2 16 12 6 15 1 7 14 
8 5 12 9 3 16 11 2 15 6 1 14 4 7 10 13 
8 10 13 4 9 11 3 5 2 16 12 6 15 1 7 14 
8 10 13 4 9 11 3 5 2 16 12 6 15 1 7 14 
8 5 12 9 3 16 11 2 15 6 1 14 4 7 10 13 
8 5 12 9 3 16 11 2 15 6 1 14 4 7 10 13 
8 10 13 4 9 11 3 5 2 16 12 6 15 1 7 14 
8 5 12 9 3 16 11 2 15 6 1 14 4 7 10 13 
8 10 13 4 9 11 3 5 2 16 12 6 15 1 7 14 
8 5 12 9 3 16 11 2 15 6 1 14 4 7 10 13 
8 5 12 9 3 16 11 2 15 6 1 14 4 7 10 13 
8 10 13 4 9 11 3 5 2 16 12 6 15 1 7 14 
8 10 13 4 9 11 3 5 2 16 12 6 15 1 7 14 
8 5 12 9 3 16 11 2 15 6 1 14 4 7 10 13 
8 10 13 4 9 11 3 5 2 16 12 6 15 1 7 14 
8 10 13 4 9 11 3 5 2 16 12 6 15 1 7 14 
8 5 12 9 3 16 11 2 15 6 1 14 4 7 10 13 
8 10 13 4 9 11 3 5 2 16 12 6 15 1 7 14 
8 5 12 9 3 16 11 2 15 6 1 14 4 7 10 13 
8 10 13 4 9 11 3 5 2 16 12 6 15 1 7 14 
8 5 12 9 3 16 11 2 15 6 1 14 4 7 10 13 
8 5 12 9 3 16 11 2 15 6 1 14 4 7 10 13 
7 11 15 6 1 16 12 8 2 4 10 3 14 9 5 13 
8 5 12 9 3 16 11 2 15 6 1 14 4 7 10 13 
8 5 12 9 3 16 11 2 15 6 1 14 4 7 10 13 
8 10 13 4 9 11 3 5 2 16 12 6 15 1 7 14 
8 5 12 9 3 16 11 2 15 6 1 14 4 7 10 13 
8 5 12 9 3 16 11 2 15 6 1 14 4 7 10 13 
8 5 12 9 3 16 11 2 15 6 1 14 4 7 10 13 
8 5 12 9 3 16 11 2 15 6 1 14 4 7 10 13 
8 10 13 4 9 11 3 5 2 16 12 6 15 1 7 14 
8 10 13 4 9 11 3 5 2 16 12 6 15 1 7 14 
7 11 15 6 1 16 12 8 2 4 10 3 14 9 5 13 
8 10 13 4 9 11 3 5 2 16 12 6 15 1 7 14 
8 5 12 9 3 16 11 2 15 6 1 14 4 7 10 13 
7 11 15 6 1 16 12 8 2 4 10 3 14 9 5 13 
8 5 12 9 3 16 11 2 15 6 1 14 4 7 10 13 
8 5 12 9 3 16 11 2 15 6 1 14 4 7 10 13 
8 5 12 9 3 16 11 2 15 6 1 14 4 7 10 13 
8 10 13 4 9 11 3 5 2 16 12 6 15 1 7 14 
8 10 13 4 9 11 3 5 2 16 12 6 15 1 7 14 
8 10 13 4 9 11 3 5 2 16 12 6 15 1 7 14 
8 10 13 4 9 11 3 5 2 16 12 6 15 1 7 14 
8 10 13 4 9 11 3 5 2 16 12 6 15 1 7 14 
8 10 13 4 9 11 3 5 2 16 12 6 15 1 7 14 
8 5 12 9 3 16 11 2 15 6 1 14 4 7 10 13 
8 5 12 9 3 16 11 2 15 6 1 14 4 7 10 13 
8 10 13 4 9 11 3 5 2 16 12 6 15 1 7 14 
8 5 12 9 3 16 11 2 15 6 1 14 4 7 10 13 
8 5 12 9 3 16 11 2 15 6 1 14 4 7 10 13 
8 10 13 4 9 11 3 5 2 16 12 6 15 1 7 14 
8 10 13 4 9 11 3 5 2 16 12 6 15 1 7 14 
8 10 13 4 9 11 3 5 2 16 12 6 15 1 7 14 
8 5 12 9 3 16 11 2 15 6 1 14 4 7 10 13 
8 10 13 4 9 11 3 5 2 16 12 6 15 1 7 14 
8 10 13 4 9 11 3 5 2 16 12 6 15 1 7 14 
8 5 12 9 3 16 11 2 15 6 1 14 4 7 10 13 
8 5 12 9 3 16 11 2 15 6 1 14 4 7 10 13 
8 5 12 9 3 16 11 2 15 6 1 14 4 7 10 13 
8 5 12 9 3 16 11 2 15 6 1 14 4 7 10 13 
8 10 13 4 9 11 3 5 2 16 12 6 15 1 7 14 
8 10 13 4 9 11 3 5 2 16 12 6 15 1 7 14 
8 5 12 9 3 16 11 2 15 6 1 14 4 7 10 13 
8 10 13 4 9 11 3 5 2 16 12 6 15 1 7 14 
8 10 13 4 9 11 3 5 2 16 12 6 15 1 7 14 
8 10 13 4 9 11 3 5 2 16 12 6 15 1 7 14 
8 5 12 9 3 16 11 2 15 6 1 14 4 7 10 13 
8 5 12 9 3 16 11 2 15 6 1 14 4 7 10 13 
8 5 12 9 3 16 11 2 15 6 1 14 4 7 10 13 
8 5 12 9 3 16 11 2 15 6 1 14 4 7 10 13 
8 10 13 4 9 11 3 5 2 16 12 6 15 1 7 14 
8 10 13 4 9 11 3 5 2 16 12 6 15 1 7 14 
8 5 12 9 3 16 11 2 15 6 1 14 4 7 10 13 
7 11 15 6 1 16 12 8 2 4 10 3 14 9 5 13 
8 10 13 4 9 11 3 5 2 16 12 6 15 1 7 14 
8 10 13 4 9 11 3 5 2 16 12 6 15 1 7 14 
8 5 12 9 3 16 11 2 15 6 1 14 4 7 10 13 
8 5 12 9 3 16 11 2 15 6 1 14 4 7 10 13 
8 5 12 9 3 16 11 2 15 6 1 14 4 7 10 13 
7 11 15 6 1 16 12 8 2 4 10 3 14 9 5 13 
8 10 13 4 9 11 3 5 2 16 12 6 15 1 7 14 
8 5 12 9 3 16 11 2 15 6 1 14 4 7 10 13 
8 10 13 4 9 11 3 5 2 16 12 6 15 1 7 14 
7 11 15 6 1 16 12 8 2 4 10 3 14 9 5 13 
8 10 13 4 9 11 3 5 2 16 12 6 15 1 7 14 
8 10 13 4 9 11 3 5 2 16 12 6 15 1 7 14 
8 5 12 9 3 16 11 2 15 6 1 14 4 7 10 13 
8 5 12 9 3 16 11 2 15 6 1 14 4 7 10 13 
8 5 12 9 3 16 11 2 15 6 1 14 4 7 10 13 
8 5 12 9 3 16 11 2 15 6 1 14 4 7 10 13 
8 10 13 4 9 11 3 5 2 16 12 6 15 1 7 14 
8 5 12 9 3 16 11 2 15 6 1 14 4 7 10 13 
8 10 13 4 9 11 3 5 2 16 12 6 15 1 7 14 
8 10 13 4 9 11 3 5 2 16 12 6 15 1 7 14 
8 10 13 4 9 11 3 5 2 16 12 6 15 1 7 14 
8 5 12 9 3 16 11 2 15 6 1 14 4 7 10 13 
8 5 12 9 3 16 11 2 15 6 1 14 4 7 10 13 
8 5 12 9 3 16 11 2 15 6 1 14 4 7 10 13 
8 5 12 9 3 16 11 2 15 6 1 14 4 7 10 13 
8 5 12 9 3 16 11 2 15 6 1 14 4 7 10 13 
8 5 12 9 3 16 11 2 15 6 1 14 4 7 10 13 
8 10 13 4 9 11 3 5 2 16 12 6 15 1 7 14 
8 10 13 4 9 11 3 5 2 16 12 6 15 1 7 14 
8 5 12 9 3 16 11 2 15 6 1 14 4 7 10 13 
8 10 13 4 9 11 3 5 2 16 12 6 15 1 7 14 
8 10 13 4 9 11 3 5 2 16 12 6 15 1 7 14 
8 10 13 4 9 11 3 5 2 16 12 6 15 1 7 14 
8 5 12 9 3 16 11 2 15 6 1 14 4 7 10 13 
8 5 12 9 3 16 11 2 15 6 1 14 4 7 10 13 
7 11 15 6 1 16 12 8 2 4 10 3 14 9 5 13 
8 10 13 4 9 11 3 5 2 16 12 6 15 1 7 14 
8 10 13 4 9 11 3 5 2 16 12 6 15 1 7 14 
8 10 13 4 9 11 3 5 2 16 12 6 15 1 7 14 
8 5 12 9 3 16 11 2 15 6 1 14 4 7 10 13 
8 10 13 4 9 11 3 5 2 16 12 6 15 1 7 14 
8 5 12 9 3 16 11 2 15 6 1 14 4 7 10 13 
8 10 13 4 9 11 3 5 2 16 12 6 15 1 7 14 
8 5 12 9 3 16 11 2 15 6 1 14 4 7 10 13 
8 10 13 4 9 11 3 5 2 16 12 6 15 1 7 14 
8 5 12 9 3 16 11 2 15 6 1 14 4 7 10 13 
8 10 13 4 9 11 3 5 2 16 12 6 15 1 7 14 
8 10 13 4 9 11 3 5 2 16 12 6 15 1 7 14 
8 5 12 9 3 16 11 2 15 6 1 14 4 7 10 13 
8 10 13 4 9 11 3 5 2 16 12 6 15 1 7 14 
8 5 12 9 3 16 11 2 15 6 1 14 4 7 10 13 
8 5 12 9 3 16 11 2 15 6 1 14 4 7 10 13 
8 5 12 9 3 16 11 2 15 6 1 14 4 7 10 13 
8 10 13 4 9 11 3 5 2 16 12 6 15 1 7 14 
8 5 12 9 3 16 11 2 15 6 1 14 4 7 10 13 
8 5 12 9 3 16 11 2 15 6 1 14 4 7 10 13 
8 10 13 4 9 11 3 5 2 16 12 6 15 1 7 14 
8 5 12 9 3 16 11 2 15 6 1 14 4 7 10 13 
8 5 12 9 3 16 11 2 15 6 1 14 4 7 10 13 
8 5 12 9 3 16 11 2 15 6 1 14 4 7 10 13 
8 5 12 9 3 16 11 2 15 6 1 14 4 7 10 13 
8 10 13 4 9 11 3 5 2 16 12 6 15 1 7 14 
8 10 13 4 9 11 3 5 2 16 12 6 15 1 7 14 
8 5 12 9 3 16 11 2 15 6 1 14 4 7 10 13 
8 10 13 4 9 11 3 5 2 16 12 6 15 1 7 14 
8 10 13 4 9 11 3 5 2 16 12 6 15 1 7 14 
8 5 12 9 3 16 11 2 15 6 1 14 4 7 10 13 
8 5 12 9 3 16 11 2 15 6 1 14 4 7 10 13 
8 10 13 4 9 11 3 5 2 16 12 6 15 1 7 14 
8 10 13 4 9 11 3 5 2 16 12 6 15 1 7 14 
8 10 13 4 9 11 3 5 2 16 12 6 15 1 7 14 
8 10 13 4 9 11 3 5 2 16 12 6 15 1 7 14 
8 10 13 4 9 11 3 5 2 16 12 6 15 1 7 14 
8 5 12 9 3 16 11 2 15 6 1 14 4 7 10 13 
8 10 13 4 9 11 3 5 2 16 12 6 15 1 7 14 
8 5 12 9 3 16 11 2 15 6 1 14 4 7 10 13 
8 5 12 9 3 16 11 2 15 6 1 14 4 7 10 13 
8 10 13 4 9 11 3 5 2 16 12 6 15 1 7 14 
8 10 13 4 9 11 3 5 2 16 12 6 15 1 7 14 
8 5 12 9 3 16 11 2 15 6 1 14 4 7 10 13 
8 10 13 4 9 11 3 5 2 16 12 6 15 1 7 14 
8 10 13 4 9 11 3 5 2 16 12 6 15 1 7 14 
8 5 12 9 3 16 11 2 15 6 1 14 4 7 10 13 
8 5 12 9 3 16 11 2 15 6 1 14 4 7 10 13 
8 5 12 9 3 16 11 2 15 6 1 14 4 7 10 13 
8 10 13 4 9 11 3 5 2 16 12 6 15 1 7 14 
8 10 13 4 9 11 3 5 2 16 12 6 15 1 7 14 
8 5 12 9 3 16 11 2 15 6 1 14 4 7 10 13 
8 5 12 9 3 16 11 2 15 6 1 14 4 7 10 13 
8 10 13 4 9 11 3 5 2 16 12 6 15 1 7 14 
8 10 13 4 9 11 3 5 2 16 12 6 15 1 7 14 
8 5 12 9 3 16 11 2 15 6 1 14 4 7 10 13 
8 10 13 4 9 11 3 5 2 16 12 6 15 1 7 14 
8 10 13 4 9 11 3 5 2 16 12 6 15 1 7 14 
8 10 13 4 9 11 3 5 2 16 12 6 15 1 7 14 
8 10 13 4 9 11 3 5 2 16 12 6 15 1 7 14 
8 5 12 9 3 16 11 2 15 6 1 14 4 7 10 13 
8 5 12 9 3 16 11 2 15 6 1 14 4 7 10 13 
8 5 12 9 3 16 11 2 15 6 1 14 4 7 10 13 
8 10 13 4 9 11 3 5 2 16 12 6 15 1 7 14 
8 10 13 4 9 11 3 5 2 16 12 6 15 1 7 14 
8 5 12 9 3 16 11 2 15 6 1 14 4 7 10 13 
8 10 13 4 9 11 3 5 2 16 12 6 15 1 7 14 
8 10 13 4 9 11 3 5 2 16 12 7 15 1 14 6 
8 5 12 9 3 16 11 2 15 6 1 14 4 7 10 13 
8 10 13 4 9 11 3 5 2 16 12 6 15 1 7 14 
8 10 13 4 9 11 3 5 2 16 12 6 15 1 7 14 
8 10 13 4 9 11 3 5 2 16 12 6 15 1 7 14 
8 10 13 4 9 11 3 5 2 16 12 6 15 1 7 14 
8 10 13 4 9 11 3 5 2 16 12 6 15 1 7 14 
8 10 13 4 9 11 3 5 2 16 12 6 15 1 7 14 
8 10 13 4 9 11 3 5 2 16 12 6 15 1 7 14 
8 10 13 4 9 11 3 5 2 16 12 6 15 1 7 14 
8 5 12 9 3 16 11 2 15 6 1 14 4 7 10 13 
8 5 12 9 3 16 11 2 15 6 1 14 4 7 10 13 
8 5 12 9 3 16 11 2 15 6 1 14 4 7 10 13 
8 5 12 9 3 16 11 2 15 6 1 14 4 7 10 13 
8 5 12 9 3 16 11 2 15 6 1 14 4 7 10 13 
8 5 12 9 3 16 11 2 15 6 1 14 4 7 10 13 
8 10 13 4 9 11 3 5 2 16 12 6 15 1 7 14 
8 5 12 9 3 16 11 2 15 6 1 14 4 7 10 13 
8 10 13 4 9 11 3 5 2 16 12 6 15 1 7 14 
8 10 13 4 9 11 3 5 2 16 12 6 15 1 7 14 
8 10 13 4 9 11 3 5 2 16 12 6 15 1 7 14 
8 10 13 4 9 11 3 5 2 16 12 6 15 1 7 14 
8 10 13 4 9 11 3 5 2 16 12 6 15 1 7 14 
8 10 13 4 9 11 3 5 2 16 12 6 15 1 7 14 
8 5 12 9 3 16 11 2 15 6 1 14 4 7 10 13 
8 5 12 9 3 16 11 2 15 6 1 14 4 7 10 13 
8 5 12 9 3 16 11 2 15 6 1 14 4 7 10 13 
8 5 12 9 3 16 11 2 15 6 1 14 4 7 10 13 
8 5 12 9 3 16 11 2 15 6 1 14 4 7 10 13 
7 11 15 6 1 16 12 8 2 4 10 3 14 9 5 13 
8 5 12 9 3 16 11 2 15 6 1 14 4 7 10 13 
8 5 12 9 3 16 11 2 15 6 1 14 4 7 10 13 
8 10 13 4 9 11 3 5 2 16 12 6 15 1 7 14 
8 5 12 9 3 16 11 2 15 6 1 14 4 7 10 13 
8 10 13 4 9 11 3 5 2 16 12 6 15 1 7 14 
8 10 13 4 9 11 3 5 2 16 12 6 15 1 7 14 
8 10 13 4 9 11 3 5 2 16 12 6 15 1 7 14 
8 10 13 4 9 11 3 5 2 16 12 6 15 1 7 14 
8 5 12 9 3 16 11 2 15 6 1 14 4 7 10 13 
8 5 12 9 3 16 11 2 15 6 1 14 4 7 10 13 
8 5 12 9 3 16 11 2 15 6 1 14 4 7 10 13 
8 10 13 4 9 11 3 5 2 16 12 6 15 1 7 14 
8 10 13 4 9 11 3 5 2 16 12 6 15 1 7 14 
8 10 13 4 9 11 3 5 2 16 12 6 15 1 7 14 
8 5 12 9 3 16 11 2 15 6 1 14 4 7 10 13 
8 10 13 4 9 11 3 5 2 16 12 6 15 1 7 14 
8 10 13 4 9 11 3 5 2 16 12 6 15 1 7 14 
8 5 12 9 3 16 11 2 15 6 1 14 4 7 10 13 
8 5 12 9 3 16 11 2 15 6 1 14 4 7 10 13 
8 10 13 4 9 11 3 5 2 16 12 6 15 1 7 14 
8 5 12 9 3 16 11 2 15 6 1 14 4 7 10 13 
8 10 13 4 9 11 3 5 2 16 12 6 15 1 7 14 
8 5 12 9 3 16 11 2 15 6 1 14 4 7 10 13 
8 5 12 9 3 16 11 2 15 6 1 14 4 7 10 13 
8 10 13 4 9 11 3 5 2 16 12 6 15 1 7 14 
8 5 12 9 3 16 11 2 15 6 1 14 4 7 10 13 
8 10 13 4 9 11 3 5 2 16 12 6 15 1 7 14 
8 10 13 4 9 11 3 5 2 16 12 6 15 1 7 14 
8 10 13 4 9 11 3 5 2 16 12 6 15 1 7 14 
7 11 15 6 1 16 12 8 2 4 10 3 14 9 5 13 
8 5 12 9 3 16 11 2 15 6 1 14 4 7 10 13 
8 5 12 9 3 16 11 2 15 6 1 14 4 7 10 13 
7 11 15 6 1 16 12 8 2 4 10 3 14 9 5 13 
8 5 12 9 3 16 11 2 15 6 1 14 4 7 10 13 
8 10 13 4 9 11 3 5 2 16 12 6 15 1 7 14 
8 5 12 9 3 16 11 2 15 6 1 14 4 7 10 13 
8 5 12 9 3 16 11 2 15 6 1 14 4 7 10 13 
8 5 12 9 3 16 11 2 15 6 1 14 4 7 10 13 
8 10 13 4 9 11 3 5 2 16 12 6 15 1 7 14 
8 10 13 4 9 11 3 5 2 16 12 6 15 1 7 14 
8 5 12 9 3 16 11 2 15 6 1 14 4 7 10 13 
8 10 13 4 9 11 3 5 2 16 12 6 15 1 7 14 
8 5 12 9 3 16 11 2 15 6 1 14 4 7 10 13 
8 5 12 9 3 16 11 2 15 6 1 14 4 7 10 13 
8 5 12 9 3 16 11 2 15 6 1 14 4 7 10 13 
8 10 13 4 9 11 3 5 2 16 12 6 15 1 7 14 
8 10 13 4 9 11 3 5 2 16 12 6 15 1 7 14 
8 5 12 9 3 16 11 2 15 6 1 14 4 7 10 13 
8 5 12 9 3 16 11 2 15 6 1 14 4 7 10 13 
8 10 13 4 9 11 3 5 2 16 12 6 15 1 7 14 
8 5 12 9 3 16 11 2 15 6 1 14 4 7 10 13 
8 10 13 4 9 11 3 5 2 16 12 6 15 1 7 14 
8 10 13 4 9 11 3 5 2 16 12 6 15 1 7 14 
8 5 12 9 3 16 11 2 15 6 1 14 4 7 10 13 
8 10 13 4 9 11 3 5 2 16 12 6 15 1 7 14 
8 5 12 9 3 16 11 2 15 6 1 14 4 7 10 13 
8 5 12 9 3 16 11 2 15 6 1 14 4 7 10 13 
8 5 12 9 3 16 11 2 15 6 1 14 4 7 10 13 
8 10 13 4 9 11 3 5 2 16 12 6 15 1 7 14 
8 5 12 9 3 16 11 2 15 6 1 14 4 7 10 13 
8 5 12 9 3 16 11 2 15 6 1 14 4 7 10 13 
8 10 13 4 9 11 3 5 2 16 12 6 15 1 7 14 
8 10 13 4 9 11 3 5 2 16 12 6 15 1 7 14 
8 5 12 9 3 16 11 2 15 6 1 14 4 7 10 13 
8 10 13 4 9 11 3 5 2 16 12 6 15 1 7 14 
8 10 13 4 9 11 3 5 2 16 12 6 15 1 7 14 
8 10 13 4 9 11 3 5 2 16 12 6 15 1 7 14 
8 5 12 9 3 16 11 2 15 6 1 14 4 7 10 13 
8 10 13 4 9 11 3 5 2 16 12 6 15 1 7 14 
8 5 12 9 3 16 11 2 15 6 1 14 4 7 10 13 
8 5 12 9 3 16 11 2 15 6 1 14 4 7 10 13 
8 5 12 9 3 16 11 2 15 6 1 14 4 7 10 13 
8 5 12 9 3 16 11 2 15 6 1 14 4 7 10 13 
8 10 13 4 9 11 3 5 2 16 12 6 15 1 7 14 
8 5 12 9 3 16 11 2 15 6 1 14 4 7 10 13 
8 5 12 9 3 16 11 2 15 6 1 14 4 7 10 13 
8 5 12 9 3 16 11 2 15 6 1 14 4 7 10 13 
8 10 13 4 9 11 3 5 2 16 12 6 15 1 7 14 
8 5 12 9 3 16 11 2 15 6 1 14 4 7 10 13 
8 5 12 9 3 16 11 2 15 6 1 14 4 7 10 13 
8 10 13 4 9 11 3 5 2 16 12 6 15 1 7 14 
8 5 12 9 3 16 11 2 15 6 1 14 4 7 10 13 
8 10 13 4 9 11 3 5 2 16 12 6 15 1 7 14 
8 5 12 9 3 16 11 2 15 6 1 14 4 7 10 13 
8 10 13 4 9 11 3 5 2 16 12 6 15 1 7 14 
8 10 13 4 9 11 3 5 2 16 12 6 15 1 7 14 
8 10 13 4 9 11 3 5 2 16 12 6 15 1 7 14 
8 10 13 4 9 11 3 5 2 16 12 6 15 1 7 14 
7 11 15 6 1 16 12 8 2 4 10 3 14 9 5 13 
8 5 12 9 3 16 11 2 15 6 1 14 4 7 10 13 
8 10 13 4 9 11 3 5 2 16 12 6 15 1 7 14 
8 5 12 9 3 16 11 2 15 6 1 14 4 7 10 13 
8 10 13 4 9 11 3 5 2 16 12 6 15 1 7 14 
8 5 12 9 3 16 11 2 15 6 1 14 4 7 10 13 
8 5 12 9 3 16 11 2 15 6 1 14 4 7 10 13 
8 10 13 4 9 11 3 5 2 16 12 6 15 1 7 14 
8 5 12 9 3 16 11 2 15 6 1 14 4 7 10 13 
8 5 12 9 3 16 11 2 15 6 1 14 4 7 10 13 
8 5 12 9 3 16 11 2 15 6 1 14 4 7 10 13 
8 5 12 9 3 16 11 2 15 6 1 14 4 7 10 13 
8 10 13 4 9 11 3 5 2 16 12 6 15 1 7 14 
8 10 13 4 9 11 3 5 2 16 12 6 15 1 7 14 
8 5 12 9 3 16 11 2 15 6 1 14 4 7 10 13 
8 5 12 9 3 16 11 2 15 6 1 14 4 7 10 13 
8 10 13 4 9 11 3 5 2 16 12 6 15 1 7 14 
8 5 12 9 3 16 11 2 15 6 1 14 4 7 10 13 
8 10 13 4 9 11 3 5 2 16 12 6 15 1 7 14 
8 5 12 9 3 16 11 2 15 6 1 14 4 7 10 13 
8 5 12 9 3 16 11 2 15 6 1 14 4 7 10 13 
8 10 13 4 9 11 3 5 2 16 12 6 15 1 7 14 
8 5 12 9 3 16 11 2 15 6 1 14 4 7 10 13 
8 10 13 4 9 11 3 5 2 16 12 6 15 1 7 14 
8 10 13 4 9 11 3 5 2 16 12 6 15 1 7 14 
7 11 15 6 1 16 12 8 2 4 10 3 14 9 5 13 
8 5 12 9 3 16 11 2 15 6 1 14 4 7 10 13 
8 10 13 4 9 11 3 5 2 16 12 6 15 1 7 14 
8 5 12 9 3 16 11 2 15 6 1 14 4 7 10 13 
8 10 13 4 9 11 3 5 2 16 12 6 15 1 7 14 
8 5 12 9 3 16 11 2 15 6 1 14 4 7 10 13 
8 10 13 4 9 11 3 5 2 16 12 6 15 1 7 14 
8 5 12 9 3 16 11 2 15 6 1 14 4 7 10 13 
8 10 13 4 9 11 3 5 2 16 12 6 15 1 7 14 
8 5 12 9 3 16 11 2 15 6 1 14 4 7 10 13 
8 5 12 9 3 16 11 2 15 6 1 14 4 7 10 13 
8 10 13 4 9 11 3 5 2 16 12 6 15 1 7 14 
8 10 13 4 9 11 3 5 2 16 12 6 15 1 7 14 
8 5 12 9 3 16 11 2 15 6 1 14 4 7 10 13 
8 5 12 9 3 16 11 2 15 6 1 14 4 7 10 13 
8 10 13 4 9 11 3 5 2 16 12 6 15 1 7 14 
8 5 12 9 3 16 11 2 15 6 1 14 4 7 10 13 
8 10 13 4 9 11 3 5 2 16 12 6 15 1 7 14 
8 5 12 9 3 16 11 2 15 6 1 14 4 7 10 13 
8 5 12 9 3 16 11 2 15 6 1 14 4 7 10 13 
8 10 13 4 9 11 3 5 2 16 12 6 15 1 7 14 
8 10 13 4 9 11 3 5 2 16 12 6 15 1 7 14 
8 5 12 9 3 16 11 2 15 6 1 14 4 7 10 13 
8 10 13 4 9 11 3 5 2 16 12 6 15 1 7 14 
8 5 12 9 3 16 11 2 15 6 1 14 4 7 10 13 
8 10 13 4 9 11 3 5 2 16 12 6 15 1 7 14 
8 5 12 9 3 16 11 2 15 6 1 14 4 7 10 13 
8 10 13 4 9 11 3 5 2 16 12 6 15 1 7 14 
8 5 12 9 3 16 11 2 15 6 1 14 4 7 10 13 
8 10 13 4 9 11 3 5 2 16 12 6 15 1 7 14 
8 10 13 4 9 11 3 5 2 16 12 6 15 1 7 14 
8 5 12 9 3 16 11 2 15 6 1 14 4 7 10 13 
8 10 13 4 9 11 3 5 2 16 12 6 15 1 7 14 
8 10 13 4 9 11 3 5 2 16 12 6 15 1 7 14 
8 10 13 4 9 11 3 5 2 16 12 6 15 1 7 14 
8 10 13 4 9 11 3 5 2 16 12 6 15 1 7 14 
8 5 12 9 3 16 11 2 15 6 1 14 4 7 10 13 
8 10 13 4 9 11 3 5 2 16 12 6 15 1 7 14 
8 5 12 9 3 16 11 2 15 6 1 14 4 7 10 13 
8 10 13 4 9 11 3 5 2 16 12 6 15 1 7 14 
8 10 13 4 9 11 3 5 2 16 12 6 15 1 7 14 
8 5 12 9 3 16 11 2 15 6 1 14 4 7 10 13 
8 5 12 9 3 16 11 2 15 6 1 14 4 7 10 13 
8 10 13 4 9 11 3 5 2 16 12 6 15 1 7 14 
8 10 13 4 9 11 3 5 2 16 12 6 15 1 7 14 
8 10 13 4 9 11 3 5 2 16 12 6 15 1 7 14 
8 10 13 4 9 11 3 5 2 16 12 6 15 1 7 14 
8 5 12 9 3 16 11 2 15 6 1 14 4 7 10 13 
8 10 13 4 9 11 3 5 2 16 12 6 15 1 7 14 
8 5 12 9 3 16 11 2 15 6 1 14 4 7 10 13 
8 5 12 9 3 16 11 2 15 6 1 14 4 7 10 13 
8 5 12 9 3 16 11 2 15 6 1 14 4 7 10 13 
8 5 12 9 3 16 11 2 15 6 1 14 4 7 10 13 
8 5 12 9 3 16 11 2 15 6 1 14 4 7 10 13 
8 5 12 9 3 16 11 2 15 6 1 14 4 7 10 13 
8 10 13 4 9 11 3 5 2 16 12 6 15 1 7 14 
8 5 12 9 3 16 11 2 15 6 1 14 4 7 10 13 
8 10 13 4 9 11 3 5 2 16 12 6 15 1 7 14 
8 5 12 9 3 16 11 2 15 6 1 14 4 7 10 13 
8 10 13 4 9 11 3 5 2 16 12 6 15 1 7 14 
8 5 12 9 3 16 11 2 15 6 1 14 4 7 10 13 
8 10 13 4 9 11 3 5 2 16 12 6 15 1 7 14 
8 10 13 4 9 11 3 5 2 16 12 6 15 1 7 14 
8 10 13 4 9 11 3 5 2 16 12 6 15 1 7 14 
8 5 12 9 3 16 11 2 15 6 1 14 4 7 10 13 
8 5 12 9 3 16 11 2 15 6 1 14 4 7 10 13 
8 5 12 9 3 16 11 2 15 6 1 14 4 7 10 13 
8 10 13 4 9 11 3 5 2 16 12 6 15 1 7 14 
8 10 13 4 9 11 3 5 2 16 12 6 15 1 7 14 
8 10 13 4 9 11 3 5 2 16 12 6 15 1 7 14 
8 10 13 4 9 11 3 5 2 16 12 6 15 1 7 14 
8 5 12 9 3 16 11 2 15 6 1 14 4 7 10 13 
8 5 12 9 3 16 11 2 15 6 1 14 4 7 10 13 
8 5 12 9 3 16 11 2 15 6 1 14 4 7 10 13 
8 10 13 4 9 11 3 5 2 16 12 6 15 1 7 14 
8 5 12 9 3 16 11 2 15 6 1 14 4 7 10 13 
8 5 12 9 3 16 11 2 15 6 1 14 4 7 10 13 
8 10 13 4 9 11 3 5 2 16 12 6 15 1 7 14 
8 10 13 4 9 11 3 5 2 16 12 6 15 1 7 14 
8 10 13 4 9 11 3 5 2 16 12 6 15 1 7 14 
8 10 13 4 9 11 3 5 2 16 12 6 15 1 7 14 
8 5 12 9 3 16 11 2 15 6 1 14 4 7 10 13 
8 10 13 4 9 11 3 5 2 16 12 6 15 1 7 14 
8 10 13 4 9 11 3 5 2 16 12 6 15 1 7 14 
8 10 13 4 9 11 3 5 2 16 12 6 15 1 7 14 
8 10 13 4 9 11 3 5 2 16 12 6 15 1 7 14 
8 5 12 9 3 16 11 2 15 6 1 14 4 7 10 13 
8 5 12 9 3 16 11 2 15 6 1 14 4 7 10 13 
8 5 12 9 3 16 11 2 15 6 1 14 4 7 10 13 
8 10 13 4 9 11 3 5 2 16 12 6 15 1 7 14 
8 5 12 9 3 16 11 2 15 6 1 14 4 7 10 13 
8 10 13 4 9 11 3 5 2 16 12 6 15 1 7 14 
8 10 13 4 9 11 3 5 2 16 12 6 15 1 7 14 
8 10 13 4 9 11 3 5 2 16 12 6 15 1 7 14 
8 10 13 4 9 11 3 5 2 16 12 6 15 1 7 14 
8 5 12 9 3 16 11 2 15 6 1 14 4 7 10 13 
8 10 13 4 9 11 3 5 2 16 12 6 15 1 7 14 
8 5 12 9 3 16 11 2 15 6 1 14 4 7 10 13 
8 5 12 9 3 16 11 2 15 6 1 14 4 7 10 13 
8 10 13 4 9 11 3 5 2 16 12 6 15 1 7 14 
8 5 12 9 3 16 11 2 15 6 1 14 4 7 10 13 
8 10 13 4 9 11 3 5 2 16 12 6 15 1 7 14 
8 10 13 4 9 11 3 5 2 16 12 6 15 1 7 14 
8 10 13 4 9 11 3 5 2 16 12 6 15 1 7 14 
8 5 12 9 3 16 11 2 15 6 1 14 4 7 10 13 
8 10 13 4 9 11 3 5 2 16 12 6 15 1 7 14 
8 5 12 9 3 16 11 2 15 6 1 14 4 7 10 13 
8 10 13 4 9 11 3 5 2 16 12 6 15 1 7 14 
8 5 12 9 3 16 11 2 15 6 1 14 4 7 10 13 
8 10 13 4 9 11 3 5 2 16 12 6 15 1 7 14 
8 10 13 4 9 11 3 5 2 16 12 6 15 1 7 14 
8 10 13 4 9 15 3 5 2 12 14 6 11 1 16 7 
7 11 15 6 1 16 12 8 2 4 10 3 14 9 5 13 
8 5 12 9 3 16 11 2 15 6 1 14 4 7 10 13 
8 10 13 4 9 11 3 5 2 16 12 6 15 1 7 14 
8 10 13 4 9 11 3 5 2 16 12 6 15 1 7 14 
8 10 13 4 9 11 3 5 2 16 12 6 15 1 7 14 
8 10 13 4 9 11 3 5 2 16 12 6 15 1 7 14 
8 5 12 9 3 16 11 2 15 6 1 14 4 7 10 13 
8 5 12 9 3 16 11 2 15 6 1 14 4 7 10 13 
8 5 12 9 3 16 11 2 15 6 1 14 4 7 10 13 
8 5 12 9 3 16 11 2 15 6 1 14 4 7 10 13 
8 5 12 9 3 16 11 2 15 6 1 14 4 7 10 13 
8 5 12 9 3 16 11 2 15 6 1 14 4 7 10 13 
8 10 13 4 9 11 3 5 2 16 12 6 15 1 7 14 
8 5 12 9 3 16 11 2 15 6 1 14 4 7 10 13 
8 5 12 9 3 16 11 2 15 6 1 14 4 7 10 13 
8 10 13 4 9 11 3 5 2 16 12 6 15 1 7 14 
8 5 12 9 3 16 11 2 15 6 1 14 4 7 10 13 
8 5 12 9 3 16 11 2 15 6 1 14 4 7 10 13 
8 10 13 4 9 11 3 5 2 16 12 6 15 1 7 14 
8 5 12 9 3 16 11 2 15 6 1 14 4 7 10 13 
8 5 12 9 3 16 11 2 15 6 1 14 4 7 10 13 
8 5 12 9 3 16 11 2 15 6 1 14 4 7 10 13 
8 10 13 4 9 11 3 5 2 16 12 6 15 1 7 14 
8 5 12 9 3 16 11 2 15 6 1 14 4 7 10 13 
8 5 12 9 3 16 11 2 15 6 1 14 4 7 10 13 
7 11 15 6 1 16 12 8 2 4 10 3 14 9 5 13 
8 5 12 9 3 16 11 2 15 6 1 14 4 7 10 13 
8 10 13 4 9 11 3 5 2 16 12 6 15 1 7 14 
8 10 13 4 9 11 3 5 2 16 12 6 15 1 7 14 
8 5 12 9 3 16 11 2 15 6 1 14 4 7 10 13 
8 5 12 9 3 16 11 2 15 6 1 14 4 7 10 13 
8 10 13 4 9 11 3 5 2 16 12 6 15 1 7 14 
7 11 15 6 1 16 12 8 2 4 10 3 14 9 5 13 
8 5 12 9 3 16 11 2 15 6 1 14 4 7 10 13 
8 10 13 4 9 11 3 5 2 16 12 6 15 1 7 14 
8 10 13 4 9 11 3 5 2 16 12 6 15 1 7 14 
8 5 12 9 3 16 11 2 15 6 1 14 4 7 10 13 
8 5 12 9 3 16 11 2 15 6 1 14 4 7 10 13 
8 5 12 9 3 16 11 2 15 6 1 14 4 7 10 13 
8 5 12 9 3 16 11 2 15 6 1 14 4 7 10 13 
8 10 13 4 9 11 3 5 2 16 12 6 15 1 7 14 
8 5 12 9 3 16 11 2 15 6 1 14 4 7 10 13 
8 5 12 9 3 16 11 2 15 6 1 14 4 7 10 13 
8 10 13 4 9 11 3 5 2 16 12 6 15 1 7 14 
8 10 13 4 9 11 3 5 2 16 12 6 15 1 7 14 
8 10 13 4 9 11 3 5 2 16 12 6 15 1 7 14 
8 5 12 9 3 16 11 2 15 6 1 14 4 7 10 13 
8 10 13 4 9 11 3 5 2 16 12 6 15 1 7 14 
8 5 12 9 3 16 11 2 15 6 1 14 4 7 10 13 
8 5 12 9 3 16 11 2 15 6 1 14 4 7 10 13 
8 5 12 9 3 16 11 2 15 6 1 14 4 7 10 13 
8 5 12 9 3 16 11 2 15 6 1 14 4 7 10 13 
8 10 13 4 9 11 3 5 2 16 12 6 15 1 7 14 
8 5 12 9 3 16 11 2 15 6 1 14 4 7 10 13 
8 5 12 9 3 16 11 2 15 6 1 14 4 7 10 13 
8 5 12 9 3 16 11 2 15 6 1 14 4 7 10 13 
8 10 13 4 9 11 3 5 2 16 12 6 15 1 7 14 
8 5 12 9 3 16 11 2 15 6 1 14 4 7 10 13 
8 5 12 9 3 16 11 2 15 6 1 14 4 7 10 13 
8 10 13 4 9 11 3 5 2 16 12 6 15 1 7 14 
8 5 12 9 3 16 11 2 15 6 1 14 4 7 10 13 
8 10 13 4 9 11 3 5 2 16 12 6 15 1 7 14 
8 5 12 9 3 16 11 2 15 6 1 14 4 7 10 13 
8 10 13 4 9 11 3 5 2 16 12 6 15 1 7 14 
8 10 13 4 9 11 3 5 2 16 12 6 15 1 7 14 
8 10 13 4 9 11 3 5 2 16 12 6 15 1 7 14 
8 5 12 9 3 16 11 2 15 6 1 14 4 7 10 13 
8 5 12 9 3 16 11 2 15 6 1 14 4 7 10 13 
8 10 13 4 9 11 3 5 2 16 12 6 15 1 7 14 
8 10 13 4 9 11 3 5 2 16 12 6 15 1 7 14 
8 5 12 9 3 16 11 2 15 6 1 14 4 7 10 13 
8 10 13 4 9 11 3 5 2 16 12 6 15 1 7 14 
8 10 13 4 9 11 3 5 2 16 12 6 15 1 7 14 
8 10 13 4 9 11 3 5 2 16 12 6 15 1 7 14 
8 5 12 9 3 16 11 2 15 6 1 14 4 7 10 13 
8 5 12 9 3 16 11 2 15 6 1 14 4 7 10 13 
8 5 12 9 3 16 11 2 15 6 1 14 4 7 10 13 
8 10 13 4 9 11 3 5 2 16 12 6 15 1 7 14 
8 5 12 9 3 16 11 2 15 6 1 14 4 7 10 13 
8 10 13 4 9 11 3 5 2 16 12 6 15 1 7 14 
8 5 12 9 3 16 11 2 15 6 1 14 4 7 10 13 
8 10 13 4 9 11 3 5 2 16 12 6 15 1 7 14 
8 10 13 4 9 11 3 5 2 16 12 6 15 1 7 14 
8 5 12 9 3 16 11 2 15 6 1 14 4 7 10 13 
8 10 13 4 9 11 3 5 2 16 12 6 15 1 7 14 
8 10 13 4 9 11 3 5 2 16 12 6 15 1 7 14 
8 5 12 9 3 16 11 2 15 6 1 14 4 7 10 13 
8 10 13 4 9 11 3 5 2 16 12 6 15 1 7 14 
8 10 13 4 9 11 3 5 2 16 12 6 15 1 7 14 
8 5 12 9 3 16 11 2 15 6 1 14 4 7 10 13 
8 10 13 4 9 11 3 5 2 16 12 6 15 1 7 14 
8 5 12 9 3 16 11 2 15 6 1 14 4 7 10 13 
8 10 13 4 9 11 3 5 2 16 12 6 15 1 7 14 
8 5 12 9 3 16 11 2 15 6 1 14 4 7 10 13 
8 10 13 4 9 11 3 5 2 16 12 6 15 1 7 14 
8 5 12 9 3 16 11 2 15 6 1 14 4 7 10 13 
8 10 13 4 9 11 3 5 2 16 12 6 15 1 7 14 
8 5 12 9 3 16 11 2 15 6 1 14 4 7 10 13 
8 10 13 4 9 11 3 5 2 16 12 6 15 1 7 14 
8 10 13 4 9 11 3 5 2 16 12 6 15 1 7 14 
8 5 12 9 3 16 11 2 15 6 1 14 4 7 10 13 
8 10 13 4 9 11 3 5 2 16 12 6 15 1 7 14 
8 10 13 4 9 11 3 5 2 16 12 6 15 1 7 14 
8 10 13 4 9 11 3 5 2 16 12 6 15 1 7 14 
8 5 12 9 3 16 11 2 15 6 1 14 4 7 10 13 
8 5 12 9 3 16 11 2 15 6 1 14 4 7 10 13 
8 10 13 4 9 11 3 5 2 16 12 7 15 1 14 6 
8 5 12 9 3 16 11 2 15 6 1 14 4 7 10 13 
8 5 12 9 3 16 11 2 15 6 1 14 4 7 10 13 
8 10 13 4 9 11 3 5 2 16 12 6 15 1 7 14 
8 5 12 9 3 16 11 2 15 6 1 14 4 7 10 13 
8 5 12 9 3 16 11 2 15 6 1 14 4 7 10 13 
8 10 13 4 9 15 3 5 2 12 14 6 11 1 16 7 
8 5 12 9 3 16 11 2 15 6 1 14 4 7 10 13 
8 10 13 4 9 11 3 5 2 16 12 6 15 1 7 14 
8 5 12 9 3 16 11 2 15 6 1 14 4 7 10 13 
8 10 13 4 9 11 3 5 2 16 12 6 15 1 7 14 
8 10 13 4 9 11 3 5 2 16 12 6 15 1 7 14 
8 10 13 4 9 11 3 5 2 16 12 6 15 1 7 14 
8 5 12 9 3 16 11 2 15 6 1 14 4 7 10 13 
8 5 12 9 3 16 11 2 15 6 1 14 4 7 10 13 
8 10 13 4 9 11 3 5 2 16 12 6 15 1 7 14 
8 10 13 4 9 11 3 5 2 16 12 6 15 1 7 14 
8 10 13 4 9 11 3 5 2 16 12 6 15 1 7 14 
8 10 13 4 9 11 3 5 2 16 12 6 15 1 7 14 
